eta =

 Columns 1 through 9:

   0.000000  -0.000000  -0.000000  -0.000001  -0.000002  -0.000004  -0.000007  -0.000011  -0.000016

 Columns 10 through 18:

  -0.000023  -0.000031  -0.000042  -0.000054  -0.000068  -0.000084  -0.000102  -0.000122  -0.000145

 Columns 19 through 27:

  -0.000169  -0.000195  -0.000223  -0.000253  -0.000284  -0.000316  -0.000349  -0.000383  -0.000417

 Columns 28 through 36:

  -0.000452  -0.000485  -0.000519  -0.000551  -0.000582  -0.000610  -0.000636  -0.000660  -0.000679

 Columns 37 through 45:

  -0.000695  -0.000707  -0.000713  -0.000715  -0.000710  -0.000699  -0.000681  -0.000656  -0.000624

 Columns 46 through 54:

  -0.000584  -0.000535  -0.000478  -0.000411  -0.000336  -0.000252  -0.000158  -0.000055   0.000058

 Columns 55 through 63:

   0.000179   0.000310   0.000450   0.000599   0.000756   0.000921   0.001094   0.001273   0.001459

 Columns 64 through 72:

   0.001651   0.001847   0.002047   0.002250   0.002455   0.002661   0.002867   0.003071   0.003273

 Columns 73 through 81:

   0.003471   0.003664   0.003850   0.004028   0.004197   0.004354   0.004500   0.004631   0.004747

 Columns 82 through 90:

   0.004847   0.004928   0.004990   0.005031   0.005050   0.005046   0.005017   0.004963   0.004883

 Columns 91 through 99:

   0.004776   0.004641   0.004477   0.004285   0.004064   0.003813   0.003534   0.003226   0.002889

 Columns 100 through 108:

   0.002524   0.002132   0.001714   0.001270   0.000803   0.000313  -0.000197  -0.000726  -0.001272

 Columns 109 through 117:

  -0.001832  -0.002405  -0.002988  -0.003577  -0.004171  -0.004766  -0.005360  -0.005949  -0.006531

 Columns 118 through 126:

  -0.007101  -0.007657  -0.008196  -0.008714  -0.009208  -0.009675  -0.010112  -0.010515  -0.010883

 Columns 127 through 135:

  -0.011211  -0.011499  -0.011742  -0.011938  -0.012087  -0.012185  -0.012231  -0.012225  -0.012164

 Columns 136 through 144:

  -0.012047  -0.011876  -0.011649  -0.011366  -0.011027  -0.010635  -0.010188  -0.009690  -0.009142

 Columns 145 through 153:

  -0.008544  -0.007901  -0.007214  -0.006487  -0.005722  -0.004922  -0.004092  -0.003235  -0.002355

 Columns 154 through 162:

  -0.001457  -0.000544   0.000379   0.001307   0.002236   0.003161   0.004078   0.004981   0.005867

 Columns 163 through 171:

   0.006732   0.007571   0.008382   0.009160   0.009902   0.010605   0.011264   0.011879   0.012444

 Columns 172 through 180:

   0.012959   0.013420   0.013825   0.014172   0.014461   0.014689   0.014855   0.014958   0.014999

 Columns 181 through 189:

   0.014977   0.014892   0.014744   0.014534   0.014264   0.013933   0.013545   0.013100   0.012601

 Columns 190 through 198:

   0.012050   0.011450   0.010803   0.010113   0.009382   0.008614   0.007813   0.006982   0.006124

 Columns 199 through 207:

   0.005244   0.004345   0.003431   0.002508   0.001580   0.000651  -0.000273  -0.001189  -0.002092

 Columns 208 through 216:

  -0.002977  -0.003840  -0.004678  -0.005486  -0.006260  -0.006998  -0.007696  -0.008352  -0.008961

 Columns 217 through 225:

  -0.009524  -0.010036  -0.010496  -0.010904  -0.011257  -0.011555  -0.011798  -0.011985  -0.012116

 Columns 226 through 234:

  -0.012193  -0.012215  -0.012183  -0.012099  -0.011965  -0.011782  -0.011552  -0.011277  -0.010961

 Columns 235 through 243:

  -0.010605  -0.010211  -0.009784  -0.009326  -0.008841  -0.008330  -0.007798  -0.007247  -0.006682

 Columns 244 through 252:

  -0.006105  -0.005519  -0.004927  -0.004333  -0.003740  -0.003151  -0.002568  -0.001993  -0.001431

 Columns 253 through 261:

  -0.000882  -0.000350   0.000164   0.000658   0.001131   0.001579   0.002003   0.002402   0.002773

 Columns 262 through 270:

   0.003116   0.003432   0.003718   0.003976   0.004204   0.004403   0.004574   0.004716   0.004831

 Columns 271 through 279:

   0.004918   0.004979   0.005014   0.005025   0.005012   0.004977   0.004921   0.004845   0.004751

 Columns 280 through 288:

   0.004639   0.004513   0.004371   0.004218   0.004053   0.003878   0.003695   0.003505   0.003309

 Columns 289 through 297:

   0.003109   0.002906   0.002702   0.002497   0.002293   0.002090   0.001890   0.001694   0.001503

 Columns 298 through 306:

   0.001316   0.001136   0.000963   0.000797   0.000639   0.000489   0.000347   0.000215   0.000092

 Columns 307 through 315:

  -0.000023  -0.000127  -0.000223  -0.000309  -0.000386  -0.000454  -0.000513  -0.000563  -0.000605

 Columns 316 through 324:

  -0.000639  -0.000666  -0.000685  -0.000698  -0.000704  -0.000704  -0.000699  -0.000688  -0.000674

 Columns 325 through 333:

  -0.000655  -0.000633  -0.000607  -0.000579  -0.000550  -0.000518  -0.000485  -0.000452  -0.000418

 Columns 334 through 342:

  -0.000384  -0.000351  -0.000318  -0.000286  -0.000255  -0.000225  -0.000197  -0.000171  -0.000147

 Columns 343 through 351:

  -0.000124  -0.000104  -0.000086  -0.000069  -0.000055  -0.000043  -0.000032  -0.000024  -0.000017

 Columns 352 through 359:

  -0.000011  -0.000007  -0.000004  -0.000002  -0.000001  -0.000000  -0.000000   0.000000

