# Created by Octave 4.0.2, Thu Jun 01 15:15:34 2017 IST <pal@stokes>
# name: Time
# type: matrix
# rows: 1616
# columns: 1
 0.00990099009901
 0.019801980198
 0.029702970297
 0.039603960396
 0.049504950495
 0.0594059405941
 0.0693069306931
 0.0792079207921
 0.0891089108911
 0.0990099009901
 0.108910891089
 0.118811881188
 0.128712871287
 0.138613861386
 0.148514851485
 0.158415841584
 0.168316831683
 0.178217821782
 0.188118811881
 0.19801980198
 0.207920792079
 0.217821782178
 0.227722772277
 0.237623762376
 0.247524752475
 0.257425742574
 0.267326732673
 0.277227722772
 0.287128712871
 0.29702970297
 0.306930693069
 0.316831683168
 0.326732673267
 0.336633663366
 0.346534653465
 0.356435643564
 0.366336633663
 0.376237623762
 0.386138613861
 0.39603960396
 0.405940594059
 0.415841584158
 0.425742574257
 0.435643564356
 0.445544554455
 0.455445544554
 0.465346534653
 0.475247524752
 0.485148514851
 0.49504950495
 0.50495049505
 0.514851485149
 0.5247524752479999
 0.534653465347
 0.544554455446
 0.554455445545
 0.564356435644
 0.574257425743
 0.584158415842
 0.594059405941
 0.60396039604
 0.613861386139
 0.623762376238
 0.633663366337
 0.643564356436
 0.653465346535
 0.663366336634
 0.673267326733
 0.683168316832
 0.693069306931
 0.70297029703
 0.7128712871290001
 0.722772277228
 0.732673267327
 0.742574257426
 0.7524752475249999
 0.762376237624
 0.772277227723
 0.782178217822
 0.792079207921
 0.80198019802
 0.811881188119
 0.821782178218
 0.831683168317
 0.841584158416
 0.851485148515
 0.861386138614
 0.871287128713
 0.881188118812
 0.891089108911
 0.90099009901
 0.910891089109
 0.920792079208
 0.930693069307
 0.940594059406
 0.950495049505
 0.960396039604
 0.970297029703
 0.9801980198020001
 0.990099009901
 1
 1.0099009901
 1.0198019802
 1.0297029703
 1.0396039604
 1.0495049505
 1.05940594059
 1.06930693069
 1.07920792079
 1.08910891089
 1.09900990099
 1.10891089109
 1.11881188119
 1.12871287129
 1.13861386139
 1.14851485149
 1.15841584158
 1.16831683168
 1.17821782178
 1.18811881188
 1.19801980198
 1.20792079208
 1.21782178218
 1.22772277228
 1.23762376238
 1.24752475248
 1.25742574257
 1.26732673267
 1.27722772277
 1.28712871287
 1.29702970297
 1.30693069307
 1.31683168317
 1.32673267327
 1.33663366337
 1.34653465347
 1.35643564356
 1.36633663366
 1.37623762376
 1.38613861386
 1.39603960396
 1.40594059406
 1.41584158416
 1.42574257426
 1.43564356436
 1.44554455446
 1.45544554455
 1.46534653465
 1.47524752475
 1.48514851485
 1.49504950495
 1.50495049505
 1.51485148515
 1.52475247525
 1.53465346535
 1.54455445545
 1.55445544554
 1.56435643564
 1.57425742574
 1.58415841584
 1.59405940594
 1.60396039604
 1.61386138614
 1.62376237624
 1.63366336634
 1.64356435644
 1.65346534653
 1.66336633663
 1.67326732673
 1.68316831683
 1.69306930693
 1.70297029703
 1.71287128713
 1.72277227723
 1.73267326733
 1.74257425743
 1.75247524752
 1.76237623762
 1.77227722772
 1.78217821782
 1.79207920792
 1.80198019802
 1.81188118812
 1.82178217822
 1.83168316832
 1.84158415842
 1.85148514851
 1.86138613861
 1.87128712871
 1.88118811881
 1.89108910891
 1.90099009901
 1.91089108911
 1.92079207921
 1.93069306931
 1.94059405941
 1.9504950495
 1.9603960396
 1.9702970297
 1.9801980198
 1.9900990099
 2
 2.0099009901
 2.0198019802
 2.0297029703
 2.0396039604
 2.0495049505
 2.05940594059
 2.06930693069
 2.07920792079
 2.08910891089
 2.09900990099
 2.10891089109
 2.11881188119
 2.12871287129
 2.13861386139
 2.14851485149
 2.15841584158
 2.16831683168
 2.17821782178
 2.18811881188
 2.19801980198
 2.20792079208
 2.21782178218
 2.22772277228
 2.23762376238
 2.24752475248
 2.25742574257
 2.26732673267
 2.27722772277
 2.28712871287
 2.29702970297
 2.30693069307
 2.31683168317
 2.32673267327
 2.33663366337
 2.34653465347
 2.35643564356
 2.36633663366
 2.37623762376
 2.38613861386
 2.39603960396
 2.40594059406
 2.41584158416
 2.42574257426
 2.43564356436
 2.44554455446
 2.45544554455
 2.46534653465
 2.47524752475
 2.48514851485
 2.49504950495
 2.50495049505
 2.51485148515
 2.52475247525
 2.53465346535
 2.54455445545
 2.55445544554
 2.56435643564
 2.57425742574
 2.58415841584
 2.59405940594
 2.60396039604
 2.61386138614
 2.62376237624
 2.63366336634
 2.64356435644
 2.65346534653
 2.66336633663
 2.67326732673
 2.68316831683
 2.69306930693
 2.70297029703
 2.71287128713
 2.72277227723
 2.73267326733
 2.74257425743
 2.75247524752
 2.76237623762
 2.77227722772
 2.78217821782
 2.79207920792
 2.80198019802
 2.81188118812
 2.82178217822
 2.83168316832
 2.84158415842
 2.85148514851
 2.86138613861
 2.87128712871
 2.88118811881
 2.89108910891
 2.90099009901
 2.91089108911
 2.92079207921
 2.93069306931
 2.94059405941
 2.9504950495
 2.9603960396
 2.9702970297
 2.9801980198
 2.9900990099
 3
 3.0099009901
 3.0198019802
 3.0297029703
 3.0396039604
 3.0495049505
 3.05940594059
 3.06930693069
 3.07920792079
 3.08910891089
 3.09900990099
 3.10891089109
 3.11881188119
 3.12871287129
 3.13861386139
 3.14851485149
 3.15841584158
 3.16831683168
 3.17821782178
 3.18811881188
 3.19801980198
 3.20792079208
 3.21782178218
 3.22772277228
 3.23762376238
 3.24752475248
 3.25742574257
 3.26732673267
 3.27722772277
 3.28712871287
 3.29702970297
 3.30693069307
 3.31683168317
 3.32673267327
 3.33663366337
 3.34653465347
 3.35643564356
 3.36633663366
 3.37623762376
 3.38613861386
 3.39603960396
 3.40594059406
 3.41584158416
 3.42574257426
 3.43564356436
 3.44554455446
 3.45544554455
 3.46534653465
 3.47524752475
 3.48514851485
 3.49504950495
 3.50495049505
 3.51485148515
 3.52475247525
 3.53465346535
 3.54455445545
 3.55445544554
 3.56435643564
 3.57425742574
 3.58415841584
 3.59405940594
 3.60396039604
 3.61386138614
 3.62376237624
 3.63366336634
 3.64356435644
 3.65346534653
 3.66336633663
 3.67326732673
 3.68316831683
 3.69306930693
 3.70297029703
 3.71287128713
 3.72277227723
 3.73267326733
 3.74257425743
 3.75247524752
 3.76237623762
 3.77227722772
 3.78217821782
 3.79207920792
 3.80198019802
 3.81188118812
 3.82178217822
 3.83168316832
 3.84158415842
 3.85148514851
 3.86138613861
 3.87128712871
 3.88118811881
 3.89108910891
 3.90099009901
 3.91089108911
 3.92079207921
 3.93069306931
 3.94059405941
 3.9504950495
 3.9603960396
 3.9702970297
 3.9801980198
 3.9900990099
 4
 4.0099009901
 4.0198019802
 4.0297029703
 4.0396039604
 4.0495049505
 4.05940594059
 4.06930693069
 4.07920792079
 4.08910891089
 4.09900990099
 4.10891089109
 4.11881188119
 4.12871287129
 4.13861386139
 4.14851485149
 4.15841584158
 4.16831683168
 4.17821782178
 4.18811881188
 4.19801980198
 4.20792079208
 4.21782178218
 4.22772277228
 4.23762376238
 4.24752475248
 4.25742574257
 4.26732673267
 4.27722772277
 4.28712871287
 4.29702970297
 4.30693069307
 4.31683168317
 4.32673267327
 4.33663366337
 4.34653465347
 4.35643564356
 4.36633663366
 4.37623762376
 4.38613861386
 4.39603960396
 4.40594059406
 4.41584158416
 4.42574257426
 4.43564356436
 4.44554455446
 4.45544554455
 4.46534653465
 4.47524752475
 4.48514851485
 4.49504950495
 4.50495049505
 4.51485148515
 4.52475247525
 4.53465346535
 4.54455445545
 4.55445544554
 4.56435643564
 4.57425742574
 4.58415841584
 4.59405940594
 4.60396039604
 4.61386138614
 4.62376237624
 4.63366336634
 4.64356435644
 4.65346534653
 4.66336633663
 4.67326732673
 4.68316831683
 4.69306930693
 4.70297029703
 4.71287128713
 4.72277227723
 4.73267326733
 4.74257425743
 4.75247524752
 4.76237623762
 4.77227722772
 4.78217821782
 4.79207920792
 4.80198019802
 4.81188118812
 4.82178217822
 4.83168316832
 4.84158415842
 4.85148514851
 4.86138613861
 4.87128712871
 4.88118811881
 4.89108910891
 4.90099009901
 4.91089108911
 4.92079207921
 4.93069306931
 4.94059405941
 4.9504950495
 4.9603960396
 4.9702970297
 4.9801980198
 4.9900990099
 5
 5.0099009901
 5.0198019802
 5.0297029703
 5.0396039604
 5.0495049505
 5.05940594059
 5.06930693069
 5.07920792079
 5.08910891089
 5.09900990099
 5.10891089109
 5.11881188119
 5.12871287129
 5.13861386139
 5.14851485149
 5.15841584158
 5.16831683168
 5.17821782178
 5.18811881188
